company_id,T00,T01,T02,T03,T04,T05,T06,T07,T08,T09
1,0.03895143384807671,0.12798366015224083,0.008985700174128223,0.08846509753109842,0.04063925258199544,0.03325822636542564,0.042320760049140295,0.5998998680847712,0.010511156870267086,0.008984844342856074
5,0.013932635984369843,0.10916593182564625,0.27649698797436867,0.013931312574848333,0.013932824204829839,0.2447029433212722,0.01393152678645351,0.034733601691170166,0.12231887674887107,0.15685335888817015
10,0.18944668192065464,0.010552336316918164,0.08957857679601064,0.06997518150335037,0.01055105024129319,0.4062614568937466,0.010551957651272405,0.1076949127233104,0.05750805232728236,0.047879793626161286
12,0.016062302904408816,0.016062070701591158,0.2919256174424999,0.01883835711329346,0.016064009128834916,0.5053721106004577,0.016062239172141415,0.016062490026124632,0.08748843180470423,0.016062371105943645
14,0.03183993813674249,0.004653284921886485,0.004654789033769105,0.042366172845212456,0.00465432464863374,0.19957220844459975,0.004653447499526428,0.07541794055991137,0.004653996261311824,0.6275338976484064
15,0.07431781187003869,0.029383284492385517,0.321287994504083,0.029383331578199594,0.03965157544046182,0.11808999502966329,0.02938383519338927,0.05405505040446459,0.05718701544820689,0.2472601060391074
22,0.23231566871830708,0.02399155373569124,0.1073138620761363,0.13280870278569007,0.023991861061355858,0.18341200450682318,0.1350971280299447,0.023990237644855472,0.06432757732208513,0.07275140411911096
37,0.11925774326821535,0.05446247293469559,0.1257650114288359,0.020829264736884935,0.1326153263733267,0.16876091219329345,0.010923582075073858,0.10851380883991074,0.010920925492069591,0.2479509526576939
43,0.00970777234110268,0.3043011319851466,0.025714215892602633,0.00970771328963192,0.009710005370088466,0.567017948870172,0.044718221627269523,0.009707455988983408,0.009707607331229242,0.009707927303773612
44,0.01953297734001205,0.08095325687332658,0.03375992097053391,0.0195328580625841,0.01953288909345576,0.10961683020667157,0.019532948999424763,0.05265679731921493,0.019532962804615996,0.6253485583301603
49,0.0003731951736398664,0.00037317734185911115,0.00037316694147140265,0.0003731494849656304,0.00037316395873863317,0.0003732212296629608,0.0003732651725065745,0.9035265585750856,0.00037323301163828235,0.09348786911043204
52,0.06977518292639726,0.013704245191430157,0.07342353952207385,0.07588884456159314,0.04001989371246207,0.0275015478148747,0.01370445785706786,0.013704899563044442,0.6465835572820033,0.02569383156905322
53,0.017003150591663903,0.00494359003966621,0.0018582545103922982,0.0018582625176140767,0.0018582472183220277,0.07674994587674748,0.0018583003995665205,0.0018583982586794097,0.7395973417307178,0.1524145088566304
54,0.10402485285689128,0.05087732476305023,0.050877295940897016,0.05087728793366322,0.05087737012416848,0.25029988169459805,0.06916826847698346,0.16328954128003645,0.05087739769251167,0.15883077923720018
56,0.5238098878718789,0.0037656502865762334,0.06566227336667461,0.003765129637173517,0.003764725108916984,0.08785543580465081,0.04184828581234513,0.039506995855899764,0.003764759649425092,0.22625685660645903
58,0.020598006915817573,0.008896238286426697,0.4231804420534901,0.008895494705845459,0.08032055828300622,0.09299617751929092,0.012885563431331173,0.008894968166205964,0.031845714631219865,0.3114868360073661
63,0.031122293707907357,0.03112162693264978,0.03112231106533175,0.12644304490008224,0.1302449842006879,0.1221403314736979,0.3047812967214207,0.10468861364434122,0.04652847865690393,0.07180701869697727
82,0.0020631533444811223,0.0020630359361735367,0.014932179362834516,0.009032287035574937,0.41186735682391296,0.2142252443150629,0.01614211453825233,0.0020631119837294276,0.11070909097237873,0.21690242568759954
83,0.0048854049255381195,0.004885247985272816,0.014629514318119935,0.004885251756654772,0.07988405655199561,0.4214470453189089,0.3383224484349538,0.01650069368713304,0.016272018379119284,0.09828831864230374
92,0.03256049601060473,0.018715239762062665,0.018712022833203956,0.01871233775115191,0.018717412505394805,0.44045707335156736,0.18536781285531004,0.018712046743140358,0.018712595830009126,0.22933296235755504
94,0.006447351687605025,0.00644790054405628,0.0064474620562121766,0.2147790003567142,0.0064482390553467295,0.27914464690805585,0.006447384751347843,0.039192424705106074,0.06866618425567764,0.3659794056798782
96,0.003948906844145121,0.003949549668921032,0.003949178420053921,0.09791853250848248,0.15523996529952577,0.3554052360365441,0.003948952387322882,0.035280214719301824,0.11559399685359084,0.22476546726211202
97,0.007838740174940689,0.007838986444965682,0.007838516485450614,0.24296589797404575,0.13385574697369423,0.25230909747099883,0.034257822854766085,0.1090986656764287,0.042158385032873946,0.1618381409118355
101,0.000454564468177528,0.0004546101502285339,0.00045460141772362593,0.0004547306360275103,0.9959086085551956,0.00045460121876593284,0.0004545729923895768,0.00045457529732239184,0.0004545638450829505,0.0004545714190863644
103,0.0031733177827786897,0.003173437011126523,0.017734047828663967,0.07994752162060147,0.0031732678459491597,0.0749411463033243,0.003173238284915526,0.0031734290635363122,0.6554703800539226,0.15604021420518147
106,0.004415441874204648,0.0044149635696020765,0.004414921466583098,0.004415201404985516,0.11474626120315806,0.10241095586691158,0.09847855542308294,0.004415124808305544,0.1102580086109997,0.5520305657721668
110,0.022490619147768145,0.0006211662850965766,0.05361403640144179,0.0006211754733027418,0.0006212262011562529,0.40008731331667663,0.0006213176145005836,0.08776011038404304,0.033116469646540504,0.40044656552947394
112,0.03518827226230357,0.14002728372980947,0.03677574230064976,0.03571996709121187,0.09036155654458895,0.3574936974106406,0.0382235417010981,0.08998597142959615,0.015990655309284823,0.16023331222081671
116,0.06811667036453714,0.12225200421240483,0.005276809183590872,0.06329967957552778,0.028721099759849815,0.32028558490476633,0.06128062220874939,0.005277691744281215,0.1643384488120381,0.16115138923425446
118,0.039290996027955334,0.023413740610238206,0.0021954395598172876,0.0021952267487640883,0.002195627695992701,0.7361334026236896,0.0021952892375409023,0.00219524938536757,0.04944150295263683,0.14074352515799746
119,0.023203080520049057,0.16809374914230346,0.04346566540398406,0.023202837223350647,0.023205648545009606,0.25897273653705927,0.18987085730360434,0.058052796660754274,0.023203521335560463,0.1887291073283247
123,0.04638727324824766,0.02326056606159181,0.03160852646150755,0.03926638867209303,0.04084510791576348,0.07842488959863023,0.03261767692151877,0.029459633753556008,0.6219186731444142,0.056211264222677325
127,0.0015876618877685102,0.0015874556097849942,0.049048839326259606,0.0015874436590429203,0.0015878222858165464,0.19430792812978384,0.001587582611557499,0.07437748304169634,0.2723068703674393,0.4020209130808505
138,0.003031309049880855,0.003032755934167069,0.0030304561099428616,0.0030304821159599584,0.003030628951131277,0.38233586641417194,0.0030305670886950475,0.07442472583436828,0.0030307077111818848,0.5220225007905008
139,0.1443464314289417,0.021113658479583314,0.0796809321227012,0.02111945994148802,0.021113611610025857,0.1877746173492751,0.021114745962344982,0.0211142941340426,0.021114252550362547,0.4615079964212347
155,0.09181815417506234,0.007983013525971723,0.007983598634816102,0.5167335223268744,0.007982503133123046,0.11843126316535367,0.007982469982134466,0.007982381501560925,0.007982752810916111,0.22512034074418716
157,0.0012162702500967716,0.0012162648916213218,0.0012162414871698527,0.0012162579003116376,0.0012162473893167754,0.018043728193025847,0.0012162373729959677,0.9722262033956168,0.0012162824976708695,0.0012162666221742625
158,0.05078141312617736,0.0507813711371765,0.09107561093588368,0.05078140509567478,0.05078142252414061,0.301298366693946,0.05078133288049259,0.09523925025008867,0.050781579964211496,0.2076982473922082
161,0.007481061111155323,0.0074809930609712645,0.00747990645988923,0.2741364122520461,0.007481864380246191,0.34974012295869145,0.007481237814595423,0.007481024226386908,0.06880723437459714,0.26243014336142106
163,0.027794802771442313,0.03083072009821341,0.019091926117457983,0.002689640247285784,0.7344663447692534,0.15539771670842642,0.0026895267959432733,0.002689551878688353,0.00268960915543242,0.021660161457856607
165,0.03265978525311994,0.12441791686325639,0.013310480954054718,0.013310953744420977,0.1561670963451023,0.47083174518712084,0.013311713317084507,0.10335267938592485,0.013311733089927237,0.05932589585998824
167,0.16122484419867764,0.009714062561376968,0.009713776229554785,0.2097101648574652,0.009714316039149214,0.1915156073808549,0.015113348327466112,0.09746332633261974,0.00971469711785208,0.2861158569549833
169,0.26162935601762516,0.019627031979306236,0.1386723545623477,0.08844354290775366,0.01962986536552575,0.1232140371089695,0.030980890093213413,0.16238925211462216,0.10346411219939385,0.05194955765124259
171,0.00034848458688354196,0.0003484974559815514,0.00034846152437907385,0.0003484659169593079,0.0003485161604297428,0.00034858676474088597,0.00034852771870241714,0.00034853065111615833,0.006021237266154784,0.9911906919546525
179,0.00045873814604592106,0.0004587788457992727,0.0004587670918748571,0.00045884936091350763,0.995871132184601,0.0004587655800896633,0.0004587392225084337,0.0004587452094763401,0.0004587373767504596,0.00045874698194032533
186,0.0004367050352775345,0.0004367378599951763,0.0004367289761546143,0.00043681217498158116,0.9960694459470066,0.0004367421340231144,0.00043670253025206174,0.00043671317380146007,0.000436701044124935,0.00043671112438299116
188,0.0065637297192390354,0.006563659319565507,0.006562995977535017,0.0065626284081112575,0.08807713811965061,0.7011807334158824,0.006564289540357064,0.006563493501582671,0.006563323044611305,0.16479800895346525
199,0.08711514311451829,0.010138597400607354,0.5071887898038577,0.11158249067617702,0.010139533435998207,0.010138930269679517,0.036512973204581634,0.05944570368626429,0.0855863072974778,0.08215153111083817
209,0.008862667606651607,0.008863084414022976,0.06211025363480697,0.6199565828367765,0.008864672978114359,0.1998087929669827,0.008863061866828446,0.008862621020495154,0.008863539162594927,0.06494472351272637
212,0.001449542548081296,0.001449495634808583,0.0014493479012618405,0.001449430980528378,0.0014495277929334354,0.4875449688588475,0.0014493715017103923,0.02126165640864019,0.03889950239480843,0.4435971559783799
214,0.080375479397386,0.0199253338456265,0.019925590469032407,0.1865885251484264,0.019929416552619383,0.3770745230874371,0.01992552442648107,0.14214695376289546,0.06989946615012281,0.06420918715997276
217,0.33976202206697176,0.0025787661156512856,0.0025786042884210665,0.002578942779768215,0.2046761589732579,0.4375102650826764,0.0025787986894554916,0.002578899564139717,0.002578682311926788,0.0025788601277315117
225,0.01022206601551299,0.0052748782936266,0.004271050033926953,0.004271802580085644,0.004271099153509571,0.004270925416064375,0.9097157094697593,0.016512966022486635,0.017464903590959705,0.023724599424068214
226,0.11972639343741202,0.059731670375142314,0.03639371972123756,0.0363942709067808,0.0363963420884938,0.3548808858893672,0.11972126647894969,0.16396815196291112,0.036393794704741016,0.036393504434964453
232,0.016905315451505833,0.01690630015760688,0.04797092046988295,0.016905225904352686,0.01690654226271921,0.1957315921874641,0.5329092458814495,0.01690561875354518,0.12195232204131641,0.016906916890157216
236,0.00041324643235307845,0.00041327966003884466,0.0004132771797597101,0.0004133496202900025,0.9962805929403139,0.00041327155821127066,0.00041324623038722246,0.0004132487975759151,0.00041323766483441755,0.0004132499162356355
238,0.009600639901616354,0.001547358490300188,0.02051871163664634,0.0015472340617260153,0.00154721662768525,0.48135954048824403,0.0015472248070474634,0.0081344872062442,0.031796520999945586,0.4424010657805446
240,0.5101891049331484,0.002728420940433388,0.0027282831685342627,0.0027286866728829617,0.14040180147611117,0.05504464196421278,0.002728539281947334,0.0143523789774418,0.23519570249885544,0.03390244008643251
241,0.033985164447161466,0.03398508511116705,0.048639531717081456,0.03398507591091842,0.03398508162909967,0.4047427840796529,0.03398521467870338,0.12714077270194404,0.08755981378869156,0.16199147593558008
245,0.09830520361404843,0.004874790313199448,0.13705038604601252,0.004875259752141046,0.004875244047683085,0.05517582986577035,0.004874610770206169,0.01705328677009535,0.10787666115730671,0.5650387276635369
246,0.07326170298190654,0.06162838684002012,0.05000119034190303,0.05000140490353018,0.050006959215383714,0.05001396806743947,0.0500000000174176,0.050001943547412164,0.5034528816271919,0.06163156245779532
247,0.05000000003272913,0.05000000006374436,0.0500142540308335,0.05000840195863685,0.05000000004072501,0.05000000000988926,0.5499525604400044,0.050008635431258136,0.050010379773430695,0.05000576821874873
250,0.0026004121779231414,0.002600567514166484,0.002600299090364514,0.0026006772379686405,0.002600840552563918,0.7864940072908315,0.0026006376544676136,0.024969795020245718,0.01203196156927762,0.1609008018921909
254,0.09386304460491125,0.01587595842347279,0.15149771108893595,0.2171811130745738,0.1144140741329224,0.3243618950950066,0.015876451253779303,0.015876019959526616,0.03517762575781235,0.015876106609058818
255,0.03388941660169888,0.07866722262337442,0.02238211265874193,0.015947861614098433,0.015949514569030123,0.40091812120249404,0.015947991894698442,0.02351669080076738,0.031894776923185125,0.36088629111191123
256,0.0007521546358273494,0.0007519387182847523,0.07486126137724514,0.0007519677427913028,0.0007519375167578659,0.5480646825326114,0.07739527221036421,0.0007520203391018777,0.0007520610367534056,0.2951667038902625
259,0.21242106733572091,0.01607225354761963,0.031491501688459586,0.0874956881826843,0.016074297644004608,0.20865795894744185,0.0874948121528715,0.01607100329807107,0.01607299303777902,0.3081484241653475
261,0.11398061582999457,0.013435361121803246,0.007281187627788272,0.007283832018821,0.03742018631326415,0.17066148382686858,0.4097646199299416,0.11744683303317124,0.07501555869750838,0.04771032160083901
264,0.011756804739592017,0.011756459557523462,0.05345914374385826,0.26175073729644666,0.04704531627656546,0.30033539513208923,0.011757064410645786,0.011756651096219132,0.011757843790954311,0.2786245839561057
273,0.016770427481380912,0.016769524509348897,0.016769653383364384,0.08704228006804576,0.01677049187613774,0.06270711405850947,0.016770167637114385,0.732861047095532,0.016769440528141822,0.01676985336242458
274,0.26237571791781,0.0005781623640810837,0.0471376243648642,0.07865443119865903,0.014402980407641935,0.5945385163090947,0.0005780910542556919,0.0005782189094756228,0.0005780937250286811,0.000578163749089186
278,0.03666865141326939,0.11242593564247301,0.2184801557804944,0.11750924422021337,0.08915832530020201,0.14272553556564543,0.09727183280495035,0.11242471286605217,0.0366682132248812,0.03666739318181867
284,0.0762005161588351,0.054292171974021364,0.08135163819100678,0.07051412754452714,0.042891170768160486,0.04610995664822796,0.36007390729262395,0.059489031759580376,0.04289278454287577,0.16618469512014108
289,0.001745404731955545,0.001745314206157258,0.0017453493184862762,0.027908203410858416,0.015956131290865094,0.8732001438563284,0.0017452815368358052,0.00528265445530223,0.011878056786786528,0.05879346040642442
308,0.002132444707351731,0.0021325850511845013,0.002132650771026208,0.19227389283327417,0.002132682909506251,0.29699759946393256,0.4808662500479778,0.0021326801498378354,0.017066625403555215,0.002132588662353674
322,0.02614750140622175,0.14042824689215874,0.0016811337251593228,0.25342163696884673,0.18490212918207594,0.18360034928799773,0.03041985088242909,0.0016812241699727128,0.17603677751674685,0.0016811499683911288
324,0.003282204549432661,0.07129450319432415,0.011482342604168604,0.3470406626039842,0.19464961167574468,0.1687358912838874,0.08197238790422037,0.0032824730968274997,0.096561354820779,0.021698568266631434
326,0.07635716764365282,0.002250860141453403,0.0486346446815802,0.0022502016938479455,0.002250323378531585,0.8165701788211874,0.0022500953849109214,0.01668067552066269,0.014501859217693562,0.018253993516479477
330,0.07283657626501636,0.008321239898986001,0.018262233265507095,0.00410057819583084,0.004100566762849134,0.1757003073458819,0.0041012309647240645,0.011031353413418798,0.11786086803905271,0.583685045848733
334,0.0030756647749600762,0.18723403637185684,0.0030751272231450493,0.1414978272535166,0.00307605624946306,0.5564775618949839,0.011986181988711098,0.03564729932769562,0.012331338755936734,0.045598906159731174
340,0.1040409571936726,0.37235738966278387,0.06036363304715194,0.13990688535769905,0.0571282107743918,0.13323690953577622,0.04514363720768587,0.02927402959986495,0.02927435063249953,0.029273996988474178
342,0.12045130925737649,0.027025782133204553,0.055482579089611114,0.027024058245674838,0.2864934151084403,0.19403678096780286,0.027024068241850222,0.10139209811339034,0.039155923193224924,0.12191398564942439
344,0.05987617238956688,0.12822416756370944,0.03070975951625995,0.10935379242492618,0.25540538540638563,0.2557263599983103,0.04435803024511449,0.050064012615218374,0.03836064037604774,0.02792167946446104
349,0.4973733348306983,0.010757099679662464,0.04131925204719172,0.0261309904140721,0.09390693338495515,0.1068471120039226,0.021263813229917675,0.010757422865107634,0.12951994077598067,0.06212410076849178
355,0.001896130335818977,0.027614081402694043,0.5516369792258646,0.011068183660193765,0.015123701495890726,0.1475964555288281,0.0018961148674633667,0.0018960868097200947,0.0018962259880345494,0.23937604068549165
362,0.0856638107484523,0.0654621857701931,0.030148583080474353,0.0161795863782253,0.1429046118352703,0.3552811621485562,0.004859125417032913,0.04868488373926465,0.00485907617914138,0.2459569747033895
366,0.0017291147240716493,0.0017289346710382728,0.2704369822979785,0.0017291048248944132,0.0017288800004672355,0.7157302696209202,0.0017289908427700201,0.00172901479724895,0.0017292165126775838,0.001729491707932978
370,0.055994135867934454,0.10242889044725874,0.15660881716419597,0.30654607777467924,0.006611540016762323,0.20103337066911783,0.009755412558681958,0.07033519494522918,0.05347532602222327,0.037211234533916955
372,0.0018186929411719624,0.0018182531984461884,0.001819294364816455,0.0018188879152611118,0.001818630950753102,0.690949519453351,0.0018185458967777946,0.0018185556421521712,0.0018196525469502357,0.29449996709032
384,0.039751058613231256,0.03975411860200227,0.23558308500616643,0.03975023312546347,0.03975100011908043,0.38653305799741633,0.039750259603468174,0.03975418983703567,0.039750158337521956,0.09962283875861408
385,0.003828702077596014,0.15599309516770773,0.06603582120157857,0.08342919788125228,0.0038286318825537834,0.42595541212187144,0.0038294020935100786,0.0038289168086939832,0.0038287652444994494,0.24944205552073664
387,0.11486513785932916,0.0333815656211872,0.04724436622058356,0.0775465086237655,0.019500379013600137,0.16910060694431148,0.03908269954864662,0.31998209497148267,0.11369344320817966,0.06560319798891401
398,0.20038861949778117,0.01523125449756358,0.007989498841991979,0.0036054389860581022,0.003605277549694486,0.5790811065769,0.0036053509472934475,0.1393026551361642,0.0036052583594276097,0.04358553960712535
408,0.1977713587226915,0.003604252723986713,0.0036034747524894203,0.02794053048444177,0.11046539081099485,0.15488388585522558,0.0036032533298558786,0.2578965736140302,0.02045299607549225,0.21977828363079194
414,0.0016670598869181717,0.0016668045869117313,0.001666830500381947,0.0016668048384737449,0.9849977631733007,0.0016671272441511251,0.0016667942332290453,0.0016669802639020623,0.0016669042191903723,0.0016669310535412014
424,0.002361507936058695,0.8029544633947459,0.007057033314285355,0.002361520382182813,0.002361484223469853,0.1409521669792868,0.0023615498938668387,0.005512056505956993,0.0023615451427570033,0.03171667222738984
433,0.14267915893555017,0.012048100976401549,0.5238888325973629,0.020767849448187412,0.1437173872215543,0.07436423341664467,0.003539025087714018,0.002479782954493177,0.019037428523464163,0.05747820083862772
435,0.13506277214778417,0.009616332465241734,0.015792129972125174,0.00961645416965472,0.4262738243080835,0.23347423542021048,0.009621196103991043,0.009616473760146332,0.0213904399627253,0.12953614169003755
438,0.1223713978143247,0.0028214615480919936,0.01139124073069713,0.002821291721543059,0.15679345608765027,0.16398243271640967,0.047320308488216466,0.26983248564527756,0.12112741629959485,0.10153850894819431
448,0.0631668636450807,0.06475976625711183,0.026173401121727443,0.010119602338954054,0.010124624564676252,0.15476026815982025,0.010120300479788392,0.010120717318593786,0.010119248364580932,0.6405352077496663
449,0.0021326531052442417,0.0021326404808766825,0.015245431638272943,0.058996208227313614,0.00213260331430794,0.4837215053629811,0.0021323595038962497,0.0021325372189952216,0.002133023161990893,0.4292410379861212
452,0.04577826407936103,0.0457778129618935,0.10707489055236653,0.04577814279156256,0.04578235423270462,0.04578132702499996,0.04577783787559,0.520543034000747,0.045781312480390836,0.05192502400038392
454,0.01659627048725627,0.06766246887085359,0.042174006319645956,0.005205095101261123,0.05392213201542762,0.1759891952681763,0.014503173009827607,0.04243097676769421,0.006260401307149828,0.5752562808527074
456,0.0018974502946348937,0.0018973911970446254,0.0018974221846582012,0.10006026228112952,0.0018974689625771816,0.677763854245605,0.0018974283787276326,0.0018974249707468902,0.001897458763795118,0.2088938387210809
457,0.042902085477684385,0.12598866343506082,0.05154621379392759,0.031040994970301744,0.04451635631376311,0.3396240902910164,0.008802501922459464,0.021464505632120157,0.008802882588772905,0.3253117055748934
468,0.0019235011277615901,0.00192378805394605,0.11859796830321039,0.0019238757257891753,0.0019234030863184413,0.6146344066051025,0.2533015946651439,0.001923866615274704,0.001923809128168425,0.0019237866892846487
469,0.03827893138820629,0.10978113036011161,0.03827853190928483,0.038278581391399995,0.03827900985457402,0.27629800215127637,0.12674551857216956,0.03827886257579706,0.038278620715619764,0.2575028110815606
472,0.015177636397184608,0.005597824568869872,0.01225594419937651,0.005597434422299058,0.005598257919883119,0.4200242107869407,0.2355670812079929,0.058116243849847746,0.025476411531409532,0.21658895511619586
475,0.375191422587204,0.06070243386832651,0.13399241006990456,0.083800745483494,0.042236682555831934,0.0699135532994389,0.029226739589042955,0.05300000177692577,0.06595162452381614,0.08598438624601516
477,0.048861304729141,0.011695443747748294,0.1015341610282556,0.08600257890994076,0.09828511030625267,0.569778644109331,0.02212812117013072,0.007705744393643655,0.046303515991640024,0.007705375613916364
478,0.0036186181614475993,0.00361723612641309,0.0036169865531558783,0.3652267872944382,0.003618221950350302,0.26274788396022514,0.12832353343500733,0.0036169869256416462,0.2115880512002389,0.014025694393082091
479,0.04565834214387305,0.009871234488509907,0.01595344220572061,0.017911578623489546,0.08729071962375455,0.24928086453839068,0.23444931441883046,0.0098695587681082,0.009870018706829934,0.31984492648249313
480,0.002023709220032064,0.09095188187546277,0.012832160396856487,0.23737100061471864,0.0020239984816683813,0.5783874919662325,0.012518118259235371,0.0062597573597153655,0.0020238524789344477,0.055608029347143983
487,0.07232802184149766,0.011779228609653533,0.006499790040569411,0.07264872048448061,0.46179868391511636,0.3127666601049726,0.006500105126152833,0.026505010213199117,0.01351912851548224,0.015654651148875667
488,0.04842453268922523,0.06802457253429499,0.00222543233725033,0.0022254328868026164,0.002225192565629899,0.6068746440421605,0.15787101101434903,0.10767859072873918,0.00222523299848879,0.002225358203059411
494,0.0866462155922867,0.05697709055279715,0.06335161683140089,0.008984535459853121,0.008984987666223028,0.253426236383482,0.022642422776352353,0.05085704306021107,0.11522725792193478,0.3329025937554589
503,0.5233455639356137,0.018103196044711112,0.01810246429209178,0.07365658524945869,0.0701335466487983,0.07365422602343948,0.044912590600011834,0.01810413897898788,0.10143360639832964,0.05855408182855758
506,0.1311086467269507,0.017048443881437787,0.017048601237595464,0.017048492594295837,0.017048417406038616,0.017048783816810367,0.14209376437935448,0.017048398998520592,0.12987502064018414,0.4946314303188121
507,0.05224916923649814,0.019750390102205893,0.0190869971560828,0.014126586836347054,0.02176694934388581,0.4746266686207553,0.028597774254364723,0.027950280030640883,0.07463358815257384,0.2672115962666456
514,0.02480037598050246,0.008399036007810588,0.0026584367092673247,0.3575830757648536,0.12271665038581361,0.3904120124866559,0.02348358794043152,0.02247927780384667,0.04480858657020475,0.0026589603506136854
519,0.003477236807493076,0.011682115465199112,0.6466130760455331,0.003477268015199353,0.018253082791559377,0.26427840774940037,0.0034773626845642598,0.0034771896157202594,0.04178710040149642,0.0034771604238347012
521,0.008086589864500436,0.43665359250275393,0.08496199577788988,0.008087691904484606,0.008086581303955164,0.19337107838102072,0.00808639281692645,0.008086431753857197,0.008086577270799542,0.23649306842381204
524,0.04524309175397975,0.005736825582788329,0.005735685830118235,0.005735357794238198,0.04494860684906993,0.005736535733022029,0.7808304869430697,0.005736267666294663,0.005735821993343986,0.09456131985407526
530,0.12268042897311116,0.039353044038147385,0.03935445897087262,0.12268616262848923,0.24411366629832054,0.039353946315540116,0.03935386180664213,0.03935305078615483,0.274399384455469,0.039351995727253
531,0.0008887661778889854,0.0008887430119559395,0.000888691649844262,0.0008886760989445698,0.0008887589273631787,0.08886013392344295,0.5716254818871034,0.0008887467027476687,0.0008887269878940325,0.3332932746328151
532,0.1983136708673635,0.1692886709091164,0.03354850301818702,0.0820746415396172,0.04235211395546791,0.23401012680657812,0.006988503319005784,0.13678122440862817,0.03616276814389412,0.06047977703214172
535,0.001023682303777288,0.004838641239769989,0.010923363670437218,0.005323908529769093,0.0010236651380266318,0.1725809494159857,0.0010236268178466065,0.7484939016398618,0.013488257947658393,0.0412800032968672
536,0.02482929902160954,0.028176398955943392,0.034865437690472165,0.00222372211216629,0.006826961289917733,0.41163596032068844,0.021514431624649284,0.0022241183778260037,0.08678882310667083,0.3809148475000563
542,0.033564857266090056,0.049967192915872934,0.006925815223991283,0.1530507356096366,0.006928365097179601,0.49011657443179507,0.028746648401641973,0.030420817833841696,0.10381593721455427,0.09646305600539651
543,0.0055401941060133865,0.025571520052114338,0.06582789957661069,0.0888707835402531,0.040470113103248384,0.07795582711899104,0.10046993263673824,0.05757806175795677,0.40694011941696673,0.13077554869110736
549,0.06550168761045559,0.005829938760945682,0.00583007854423678,0.34928757090185897,0.005830824668744784,0.09309111073356942,0.18146082767520075,0.12910454685024458,0.07103877393977645,0.093024640314967
552,0.006465981498822714,0.006465415281974088,0.19730895158015818,0.006464739499540113,0.006465048046567941,0.4597249527457148,0.006464898536289352,0.044116217411929365,0.006465688651214025,0.2600581067477895
557,0.0026160865575041523,0.0026154435826359406,0.03909339765998044,0.002615352491316405,0.002615461272716949,0.23024782571234464,0.0026162249164055147,0.16226442059945725,0.1293749761762713,0.42594081103136744
562,0.003631904032343186,0.01208317966748897,0.0036317929437342284,0.003631857881346054,0.22297997814496617,0.409429204478336,0.035322823095622805,0.003631928666645024,0.0036321399367010847,0.30202519115281656
570,0.24064879517514842,0.0013335701690347433,0.0013335437390717584,0.0013335385930966666,0.001333472970699547,0.44719984493284076,0.001333567558968019,0.14679025000168122,0.15735963660192473,0.0013337802575339181
573,0.004995273719378281,0.056606679930310426,0.08075581826361357,0.004996055020378633,0.1995921179715076,0.35927707656258356,0.017370242475168142,0.004996006966197138,0.04616578293483313,0.22524494615602958
574,0.005891062196721945,0.29098231531222907,0.005891073728522356,0.15107652385035092,0.005891164123491563,0.0058919134568089886,0.005891487078054087,0.007551545557855101,0.005890997157741284,0.5150419175382246
579,0.1913219529812136,0.01745590292971376,0.009839788369189228,0.15666136803107786,0.009839734255966211,0.17592386111574007,0.1656368147252557,0.009839775806730936,0.023372191669267222,0.24010861011584536
592,0.40790133449454324,0.07236244150794509,0.08722741487064839,0.050138199584677884,0.04138141530037405,0.22185860744734645,0.0399714442545748,0.049685483039678374,0.015171887782098372,0.01430177171811329
595,0.005114697605202244,0.005114467884728899,0.05804733824378894,0.005114966747193267,0.11884261195377636,0.23249176297188973,0.005114704889959307,0.013768982753188424,0.01986989186287304,0.5365205750873998
599,0.20631600881108886,0.009673316192549292,0.00967351719976306,0.15067772902986581,0.06902254632063519,0.1680073985870164,0.009673297110028498,0.06583991120402737,0.19096874169119413,0.12014753385383133
600,0.016523845310498032,0.035640151435106744,0.016336429857521626,0.10870761612644494,0.09106596428914718,0.4752767128848,0.01641837519369106,0.013473286343979858,0.12595768047859074,0.10059993808021983
603,0.0364167434252541,0.09332283048245733,0.00873582483648022,0.040610057920150024,0.3538608563399782,0.3675356724668856,0.008736042028002315,0.07330894453490858,0.008736364019754257,0.008736663946129385
611,0.00324945080587987,0.003249544262175379,0.0032494554730229945,0.003249362838568217,0.0032499981765419504,0.2613889253561587,0.7017711437754883,0.003249526608930988,0.0032497365601462163,0.014092856143087395
621,0.026683099324788018,0.0121444759615908,0.0024541553063789434,0.002454228362511011,0.0719157765661241,0.6244249886807463,0.013478460750746445,0.002454011693306675,0.07419356968555751,0.16979723366825022
623,0.014774558378204735,0.008443321826347418,0.26959633094961954,0.008443210823669813,0.008443353088662528,0.37714309443341476,0.24758328741907648,0.008443225442768204,0.008443330497413953,0.04868628714082265
628,0.010390831002672999,0.04345862545905123,0.023415836394532586,0.010390874917485258,0.030585758572136322,0.17343664518387303,0.1744710341928686,0.055958996080758674,0.010390889220469764,0.46750050897615153
633,0.034060373803642234,0.02438001287610397,0.0056895537834653065,0.5192305918490586,0.005690955602808869,0.2235470171071574,0.005689862064513762,0.005689770033321173,0.014027622059218384,0.1619942408207102
645,0.056510458623648965,0.0036040227702244104,0.011390930312535484,0.0036042976677471638,0.0851461897858985,0.4636937010761948,0.02238201177693542,0.018576123844766177,0.055918294326050125,0.27917396981599896
646,0.003323428097759513,0.024825902223912517,0.2083137821540008,0.041184551103799,0.0674257218033886,0.3260642802112693,0.014723479402663072,0.01612098370002002,0.003323789977192508,0.2946940813259946
654,0.10011909184609537,0.007428557935377289,0.20292640777134258,0.07786311836367378,0.1484485873546378,0.4189906387678733,0.021937987618059162,0.0074288502567601946,0.0074280924323231945,0.007428667653857324
655,0.005138235955576316,0.005138674967380075,0.04216115611071263,0.1869512805099004,0.005139491686917073,0.5610185885481119,0.0051396653642956005,0.005138189575498958,0.05230802881383241,0.13186668846777466
662,0.07777809484895462,0.09995637758105697,0.13333092339790673,0.07778008705736261,0.07777927031244919,0.11658389777328715,0.18345624505442534,0.07777855107177085,0.07777793165817706,0.0777786212446095
670,0.00347921839555454,0.0034792240283779956,0.0034794602499258758,0.0384901849368237,0.0034790383779667276,0.2821536826273315,0.19660080828641918,0.11781072045039422,0.34754872544416987,0.0034789372030365117
671,0.017251743498566497,0.17666885231027143,0.017251837696172206,0.2539273278300577,0.017252913501966626,0.28684621971353064,0.017252032774142254,0.01725292978132718,0.0715532062713155,0.12474293662265003
677,0.1768321222907794,0.018040794799821656,0.03621294583238611,0.05970292703280179,0.01804300514813803,0.4379870441000207,0.018039259043880526,0.018043406215759325,0.1847015052860462,0.03239699025036617
679,0.0367487725318994,0.006136435096829536,0.006136108667903273,0.049096648217853346,0.5289470436886545,0.30556117419427103,0.006136924779089684,0.006136368080102955,0.006136527113360724,0.048963997630035457
682,0.00892026658045906,0.04122216728208848,0.008919619602632559,0.008919122584724966,0.012858822568075082,0.18786397769590094,0.17077418246504622,0.008920388351902257,0.0633413168378125,0.488260136031358
690,0.29316423837274613,0.03736364022392448,0.00604868802342737,0.12902768656145677,0.006049921047208512,0.2632045446385273,0.03433590280994501,0.07922954774920941,0.03691685296762833,0.1146589776059266
693,0.174625806718331,0.02362668163855058,0.014622127711929524,0.03836835270514323,0.014622091171932652,0.49950698638909014,0.014622102367963631,0.12793366581926144,0.01462200906594124,0.07745017641185661
694,0.093847049920493,0.05893440122226434,0.001587489314231418,0.0015879662051907948,0.02989720921334201,0.27522248157470913,0.0015874454738215998,0.0015876062507932558,0.26544550554704915,0.2703028452781053
698,0.01623067798058266,0.016230467947729726,0.05710724532440459,0.016230548779509968,0.01623127102656654,0.3312031329350084,0.3634493378106488,0.04531996591507654,0.01623033808500232,0.12176701419547041
701,0.06279199418081936,0.028434139898258312,0.0413628953270722,0.028432493786075323,0.1534324571965712,0.21271032671959525,0.028433565960111026,0.12217270839580724,0.03719909944172145,0.28503031909396864
703,0.007622912100697748,0.0009934059478524271,0.0009933818367685175,0.0009934308421916983,0.0009934159605150803,0.40307018464590155,0.5033593606769575,0.023074458279201203,0.05790591591920884,0.0009935337907054068
705,0.0014183453555709727,0.001418249409378651,0.0014183919201292442,0.045694436542567565,0.0169329645892941,0.5611810469402073,0.0014182805435624158,0.012236269303748413,0.02115530419042993,0.3371267112051114
706,0.0006712529514747427,0.0006712771818512102,0.0006712339456727373,0.0006713692963101036,0.0006712386218657375,0.4138876788988334,0.07496165445119517,0.0006712866913833402,0.022254421225129172,0.4848685867362844
716,0.017784591349175097,0.005382087060185301,0.005382078849732591,0.007624770103473716,0.07204639200439997,0.5626480954471924,0.006851253841208367,0.01720282380537327,0.039529613917089215,0.26554829362217
718,0.003064509680965318,0.0581260060739101,0.017256482507803005,0.027837760653114923,0.003065099819115357,0.7519128546728582,0.0030651290100404257,0.03033816547819496,0.003064987094114671,0.10226900500988308
726,0.15567735067451283,0.1683679005323487,0.05566836852015366,0.04216475810050993,0.02424586994533883,0.05163903194475171,0.34214682163163257,0.07757792147489186,0.05017119965677841,0.032340777519081425
728,0.001923445752355562,0.0019237338449545863,0.0019235024324632903,0.04043155925562725,0.0019238684159997624,0.6122824866802259,0.0019236319514830055,0.2925547445702398,0.04318937482091504,0.0019236522757357108
730,0.003153326449873967,0.0031534147718516,0.003153334796804269,0.0031536107666826473,0.003153510659454505,0.7545185879590357,0.034648393820577765,0.09320519307799617,0.0031530582968467614,0.09870756940087666
732,0.006856199337841942,0.006856108639007703,0.01581141700986788,0.08808710751746353,0.25726312571279547,0.3818327493777392,0.006857934994737577,0.013734083642479354,0.0655009262825365,0.1572003474855308
733,0.0030096061595587032,0.0030097958819463905,0.008490946711082964,0.03325432077157104,0.022701609493877842,0.5795993451440679,0.06488846604761896,0.00903934553345998,0.13669149507734876,0.13931506917946748
740,0.0019611455890107534,0.001961178709923433,0.1482392576087939,0.0019613702635466416,0.0019618083691538635,0.3668477247311,0.0019608594675723226,0.001961319131953281,0.0019611447296200408,0.47118419139932577
741,0.000980698006792833,0.0009805154945972342,0.0009804804821899997,0.0009805395585908523,0.000980574680339451,0.5636886630664625,0.08233024444254941,0.0009806935987047183,0.032399365057216155,0.3156982256125568
744,0.02602063798269348,0.02602046952896433,0.0260206387524568,0.026020549799126817,0.2760014434800066,0.5158175638776679,0.02602050592484525,0.026031263170122127,0.026024361273890045,0.02602256621022664
748,0.004630517912604124,0.015563970973546866,0.0022035895068308,0.08997603745912158,0.002203700192431889,0.045813807468374206,0.002203598389522551,0.002203902114849633,0.735278221592311,0.09992265439040722
750,0.015952143174272106,0.1826098612887082,0.030884214709101812,0.03969391705876805,0.015954088841235066,0.22765022631100992,0.028521973315495983,0.015951243462548614,0.3007754946099811,0.14200683722887908
753,0.00156236058135303,0.0015623084453595486,0.06409713105934782,0.0015623509319713583,0.0015623511424101245,0.5333091688873818,0.0015623698083144602,0.05047720388176082,0.011847604132184851,0.33245715112991614
756,0.2717922226554214,0.049312456143790366,0.00411879513351037,0.0041206974916512045,0.004120038273821633,0.21677244117926397,0.02374264137766633,0.004118856906242948,0.10188753477527873,0.32001431606335307
761,0.12657755834801848,0.16755023684598844,0.028666238199496256,0.016420385146294143,0.0075556864561893925,0.11552972774787076,0.007556693599285458,0.0921652311984359,0.19401903631614345,0.24395920614227778
764,0.02988710853457225,0.053157452863235546,0.5676382423681314,0.00945596338411326,0.05005328309096444,0.10274538541222382,0.08993107272708178,0.04038811871302066,0.03407581156104027,0.022667561345616524
770,0.024390755826763054,0.0056850894328525576,0.005684621520804701,0.05397476239868011,0.011024823932096773,0.04447713706237556,0.7581212950807242,0.011459381910110407,0.03407655150928139,0.05110558132631126
773,0.0056989773114141575,0.005699020275366699,0.005699280429359804,0.026042276332391402,0.48894037580815886,0.36044233926929803,0.005699565314169879,0.005699420895661231,0.0056999144106961285,0.09037882995348379
777,0.006123897023708195,0.0031062432487685395,0.007269960102491006,0.0031068858027638114,0.01024323932609235,0.3424668732404505,0.18494362451772658,0.012572903721182766,0.0726745071060877,0.35749186591072846
781,0.0031888635543945304,0.0031888671665048916,0.07285053575893448,0.003188590307755219,0.2519719419267541,0.4582568294090749,0.020345993519192078,0.021725568178615564,0.06228141927702633,0.10300139090174794
783,0.156034945213653,0.02117948893943165,0.021179539085642563,0.04388389201541115,0.08577922859366403,0.31270933680103524,0.26823548882365605,0.041122039523415754,0.02869565827800426,0.02118038272608627
785,0.013552292324746933,0.013554150187343036,0.013552007491354741,0.01355443678458382,0.013557545840477114,0.7678055200789143,0.01355270080080074,0.01355202326845979,0.013552236631881253,0.1237670865914383
787,0.08118014599512555,0.02479217551226959,0.018610608039301098,0.1006989908579109,0.018610945149859143,0.1268487956171664,0.018611085249542036,0.01861092953869604,0.42610998569866054,0.16592633834146878
789,0.03269128075930743,0.0027492397835117096,0.44890270933799076,0.22951143843639976,0.00274918299119039,0.030861801998294063,0.16880800609151406,0.0027491335865882202,0.03637695892539297,0.04460024808981068
790,0.0024774873837010596,0.002477382062516072,0.02749107935913429,0.12413131996695775,0.0024771997367236437,0.10130619971210224,0.0024776341770724785,0.0024774232349632623,0.29660066085581976,0.43808361351100933
